# 2026年双色球开奖记录
第030期: 18 19 21 26 27 33 + 16
第040期: 05 10 21 22 26 33 + 02
第041期: 03 11 14 22 24 31 + 15
第050期: 10 13 16 22 24 31 + 09
第051期: 04 05 07 21 26 29 + 01
第060期: 09 12 18 23 24 27 + 05
第061期: 07 14 18 20 30 33 + 13
第070期: 03 04 14 27 31 33 + 05
第071期: 01 04 19 20 25 31 + 15
第080期: 10 15 16 22 23 24 + 07
第081期: 02 05 07 21 22 26 + 08
第090期: 08 09 18 20 25 29 + 09
第091期: 01 07 12 14 18 25 + 16
第100期: 03 04 17 24 27 30 + 06
第101期: 03 06 12 19 30 31 + 13
第110期: 10 12 13 21 26 27 + 14
第111期: 05 08 09 10 20 25 + 13
第120期: 08 12 15 16 21 27 + 16
第121期: 05 07 12 16 28 32 + 04
第130期: 05 11 20 21 26 31 + 03
第131期: 07 11 14 19 24 29 + 05
第140期: 01 05 10 11 13 32 + 14
第141期: 08 13 15 20 21 25 + 12
第150期: 06 07 10 11 14 22 + 09
第151期: 07 09 11 15 18 25 + 07
第160期: 01 11 21 23 27 33 + 06
第161期: 07 09 16 24 25 29 + 06
第170期: 02 05 06 16 28 29 + 04
第171期: 05 09 13 15 18 26 + 05
第180期: 03 07 08 14 25 32 + 06
第181期: 01 07 17 23 25 31 + 11
第190期: 07 14 22 23 27 30 + 08
第191期: 02 06 09 18 24 26 + 14
第200期: 05 06 11 12 15 30 + 12
第201期: 02 09 10 20 22 26 + 01
第210期: 09 11 17 18 20 27 + 15
第211期: 09 14 20 21 24 26 + 04
第220期: 01 11 23 24 26 32 + 15
第221期: 01 07 11 12 22 28 + 05
第230期: 09 11 14 19 27 33 + 05
第231期: 01 15 16 20 25 27 + 05
第240期: 04 12 17 24 26 27 + 16
第241期: 05 10 16 19 29 32 + 04
第250期: 09 11 15 17 22 26 + 14
第251期: 08 09 14 22 28 30 + 04
第260期: 04 09 10 15 19 26 + 12
