<<<<<<< HEAD

24/114	16/10/2024	
10
16
24
32
37
40
19

第113期开奖结果：40-44-48-35-33-10 T09

香港112期开奖结果
10-16-32-24-37-40 T8

第111期开奖结果：40 44 48 35 33 10 特码 07



=======
第111期开奖结果：40 44 48 35 33 10 特码 17
>>>>>>> 24a94ddd0a7fcae165d0eb2584ed44395f5790f2
第110期：40 44 48 35 33 10 特码 06

24/109	08/10/2024	
10
16
24
32
37
40
19
24/108   02/10/2024	
8
15
21
32
43
47
41
九月 2024
24/107	26/09/2024	
2
4
29
35
38
49
14
24/106	24/09/2024	
9
17
28
31
40
49
25
24/105	21/09/2024	
2
3
14
25
27
36
45
24/104	19/09/2024	
5
18
21
24
44
47
20
24/103	17/09/2024	
5
18
21
24
27
44
10
24/102	12/09/2024	
14
18
20
25
32
43
45
24/101	10/09/2024	
1
12
16
20
21
30
27
24/100	07/09/2024	
5
24
26
32
35
40
16
24/099	03/09/2024	
2
3
7
25
46
48
13
八月 2024
24/098	31/08/2024	
2
21
34
36
41
47
31
24/097	29/08/2024	
6
7
18
24
28
29
1
24/096	27/08/2024	
2
15
23
33
34
39
19
24/095	24/08/2024	
9
15
19
28
31
41
42
24/094	22/08/2024	
8
9
16
21
32
33
34
24/093	20/08/2024	
1
4
16
26
39
49
7
24/092	17/08/2024	
6
13
19
21
26
28
9
24/091	15/08/2024	
3
16
33
35
39
44
8
24/090	13/08/2024	
7
9
20
21
30
35
26
24/089	10/08/2024	
8
12
21
35
44
45
2
24/088	08/08/2024	
3
6
7
8
11
29
49
24/087	06/08/2024	
3
4
7
13
27
41
38
24/086	03/08/2024	
5
6
8
22
26
44
40
24/085	01/08/2024	
2
9
16
39
43
46
20
七月 2024
24/084	30/07/2024	
6
7
17
20
21
25
26
24/083	25/07/2024	
3
16
18
26
43
45
9
24/082	23/07/2024	
12
13
24
25
27
34
4
24/081	20/07/2024	
17
18
31
33
39
41
14
24/080	18/07/2024	
11
12
18
28
29
30
39
24/079	16/07/2024	
11
13
17
34
40
47
21
24/078	13/07/2024	
17
21
24
27
29
48
8
24/077	11/07/2024	
8
20
29
33
34
44
12
24/076	09/07/2024	
18
25
30
35
36
40
44
24/075	07/07/2024	
1
2
17
27
34
41
22
24/074	02/07/2024	
5
8
15
21
27
37
2
六月 2024
24/073	29/06/2024	
7
21
29
30
36
46
42
24/072	27/06/2024	
2
17
24
30
32
40
16
24/071	25/06/2024	
21
30
34
40
48
49
16
24/070	22/06/2024	
18
25
28
34
42
49
14
24/069	20/06/2024	
14
21
26
27
42
46
45
24/068	18/06/2024	
9
16
31
33
38
48
23
24/067	16/06/2024	
3
7
13
17
21
49
4
24/066	13/06/2024	
1
5
15
19
25
39
46
24/065	09/06/2024	
6
9
12
17
19
42
13
24/064	04/06/2024	
6
11
19
21
27
43
44
24/063	01/06/2024	
6
18
28
33
36
48
11
五月 2024
24/062	30/05/2024	
1
24
25
27
30
32
13
24/061	28/05/2024	
33
37
38
43
44
46
32
24/060	25/05/2024	
7
26
30
37
46
49
25
24/059	23/05/2024	
5
9
18
21
36
40
13
24/058	21/05/2024	
2
3
4
15
37
40
8
24/057	18/05/2024	
8
17
19
27
33
45
37
24/056	16/05/2024	
21
32
40
43
44
49
1
24/055	14/05/2024	
14
37
38
41
45
49
5
24/054	12/05/2024	
3
9
25
30
36
41
19
24/053	09/05/2024	
5
14
15
18
23
48
13
24/052	07/05/2024	
8
19
27
30
36
42
2
24/051	04/05/2024	
1
3
7
21
28
30
45
24/050	02/05/2024	
6
18
21
39
42
46
17
四月 2024
24/049	30/04/2024	
11
12
28
35
37
39
30
24/048	27/04/2024	
9
18
28
40
47
48
23
24/047	25/04/2024	
3
17
25
32
36
38
46
24/046	23/04/2024	
5
6
16
27
37
47
24
24/045	21/04/2024	
7
8
10
12
17
27
25
24/044	18/04/2024	
17
25
26
30
38
48
28
24/043	16/04/2024	
12
14
17
18
23
44
27
24/042	13/04/2024	
6
10
12
14
17
41
47
24/041	11/04/2024	
2
7
9
13
33
35
49
24/040	09/04/2024	
13
20
29
30
34
48
3
24/039	06/04/2024	
15
16
17
30
34
35
25
24/038	04/04/2024	
4
8
12
22
24
26
1
24/037	02/04/2024	
16
25
31
42
43
44
7
三月 2024
24/036	30/03/2024	
2
6
18
22
36
39
21
24/035	28/03/2024	
2
9
15
20
39
48
43
24/034	26/03/2024	
6
11
12
18
24
42
38
24/033	23/03/2024	
11
18
24
35
42
46
3
24/032	21/03/2024	
6
19
20
34
39
42
44
24/031	19/03/2024	
7
8
29
30
36
48
28
24/030	17/03/2024	
1
8
13
23
40
44
15
24/029	14/03/2024	
6
23
24
31
34
49
1
24/028	12/03/2024	
13
16
18
24
32
43
44
24/027	09/03/2024	
4
5
8
21
32
42
45
24/026	07/03/2024	
5
22
30
31
32
39
44
24/025	05/03/2024	
11
24
34
36
39
42
38
24/024	02/03/2024	
7
23
31
35
43
46
10
二月 2024
24/023	29/02/2024	
5
13
16
36
39
41
38
24/022	27/02/2024	
3
11
12
22
24
26
21
24/021	24/02/2024	
2
7
24
29
30
36
6
24/020	22/02/2024	
22
25
33
34
35
39
5
24/019	20/02/2024	
10
26
27
29
30
45
37
24/018	17/02/2024	
9
23
26
27
36
41
24
24/017	14/02/2024	
10
12
13
24
25
48
15
24/016	08/02/2024	
5
7
9
20
22
25
13
24/015	06/02/2024	
15
18
19
38
41
49
22
24/014	03/02/2024	
3
7
21
32
36
47
23
24/013	01/02/2024	
4
12
15
23
24
31
43
一月 2024
24/012	30/01/2024	
8
20
21
29
30
49
32
24/011	27/01/2024	
1
8
13
19
34
47
12
24/010	25/01/2024	
2
5
15
32
45
49
19
24/009	23/01/2024	
2
6
7
14
30
43
15
24/008	20/01/2024	
3
25
31
40
43
48
45
24/007	18/01/2024	
2
10
17
46
47
49
3
24/006	16/01/2024	
1
6
8
27
41
47
29
24/005	14/01/2024	
3
17
18
36
38
39
21
24/004	11/01/2024	
3
6
8
26
29
38
1
24/003	09/01/2024	
3
9
16
19
33
35
39
24/002	06/01/2024	
1
4
24
31
33
34
2
24/001	03/01/2024	
2
3
19
34
37
46
32
