第043期：04 11 44 10 02 26 特码 40
第042期：17 39 20 46 27 32 特码 34
第041期：06 28 44 46 14 12 特码 15
第040期：19 44 08 46 33 22 特码 18
第039期：14 42 40 11 17 28 特码 02
第038期：24 43 45 44 13 16 特码 40
第037期：33 23 25 34 29 08 特码 49
第036期：32 45 40 20 35 28 特码 43
第035期：20 32 28 09 19 18 特码 44
第034期：42 26 27 11 21 45 特码 19
第033期：27 12 23 28 37 17 特码 03
第032期：26 06 22 44 49 09 特码 07
第031期：09 47 18 11 05 23 特码 24
第030期：06 08 45 02 41 33 特码 48
第029期：22 18 45 16 28 49 特码 13
第028期：07 14 26 13 16 30 特码 34
第027期：34 16 25 02 35 37 特码 49
第026期：18 12 22 28 15 37 特码 31
第025期：04 31 24 18 46 42 特码 11
第024期：20 32 31 44 13 06 特码 45
第023期：47 37 15 46 39 05 特码 29
第022期：06 19 38 15 42 13 特码 34
第021期：10 04 03 02 23 13 特码 12
第020期：34 18 35 37 49 02 特码 33
第019期：08 28 46 37 36 33 特码 04
第018期：03 46 37 25 02 14 特码 10
第017期：39 04 26 03 18 14 特码 40
第016期：32 12 37 22 44 28 特码 20
第015期：35 24 36 09 01 17 特码 42
第014期：42 39 23 27 12 37 特码 05
第013期：30 35 32 36 25 47 特码 46
第012期：14 44 09 06 35 12 特码 11
第011期：38 47 25 12 14 07 特码 15
第010期：16 17 48 22 28 06 特码 45
第009期：31 04 24 27 15 09 特码 45
第008期：06 46 44 09 01 04 特码 27
第007期：27 12 42 05 23 15 特码 46
第006期：44 06 37 03 38 39 特码 48
第005期：38 48 14 49 24 34 特码 27
第004期：37 20 22 24 16 03 特码 42
第003期：45 15 46 21 24 40 特码 13
第002期：12 02 08 19 28 36 特码 01
第001期：20 16 02 21 13 10 特码 14
