第177期：19 34 22 24 36 05 特码 03
第176期：20 30 07 44 08 46 特码 33
第175期：42 22 47 41 10 48 特码 03
第174期：43 29 34 07 09 26 特码 02
第173期：12 25 46 18 04 11 特码 21
第172期：04 27 12 36 25 16 特码 48
第171期：35 25 44 19 27 26 特码 42
第170期：14 15 43 26 21 44 特码 16
第169期：40 25 03 18 28 11 特码 06
第168期：19 16 04 36 05 02 特码 25
第167期：46 19 47 08 25 37 特码 02
第166期：06 27 01 05 18 25 特码 19
第165期：12 35 23 39 46 37 特码 06
第164期：23 42 44 43 39 04 特码 16
第163期：28 04 09 01 26 35 特码 17
第162期：35 32 31 16 22 46 特码 49
第161期：08 32 02 37 25 43 特码 09
第160期：36 39 19 48 40 41 特码 46
第159期：04 39 38 30 16 20 特码 01
第158期：34 19 08 10 14 15 特码 44
第157期：49 24 23 06 32 37 特码 07
第156期：40 10 06 44 30 43 特码 20
第155期：06 37 29 08 43 36 特码 45
第154期：39 42 31 11 36 18 特码 10
第153期：49 15 48 11 07 25 特码 14
第152期：20 22 32 06 47 40 特码 25
第151期：12 17 16 08 05 33 特码 44
第150期：17 24 18 30 31 20 特码 11
第149期：04 42 08 02 28 41 特码 29
第148期：44 02 28 23 25 32 特码 20
第147期：43 15 34 42 36 08 特码 38
第146期：02 27 33 30 46 41 特码 47
第145期：03 45 46 18 21 37 特码 19
第144期：34 49 36 07 40 01 特码 38
第143期：29 48 36 09 01 33 特码 44
第142期：18 10 25 36 02 27 特码 22
第141期：02 35 06 11 23 08 特码 26
第140期：30 11 32 35 39 05 特码 41
第139期：46 33 14 20 49 38 特码 29
第138期：24 21 26 49 23 08 特码 30
第137期：33 01 20 21 06 23 特码 10
第136期：26 32 22 41 10 02 特码 42
第135期：17 34 14 43 02 09 特码 27
第134期：29 22 14 47 10 42 特码 43
第133期：37 30 33 44 49 02 特码 31
第132期：49 14 30 15 23 26 特码 10
第131期：45 36 27 42 37 38 特码 08
第130期：01 29 37 21 02 45 特码 12
第129期：21 47 24 11 34 42 特码 26
第128期：28 39 23 24 33 34 特码 06
第127期：47 25 01 41 27 38 特码 34
第126期：28 08 46 49 22 23 特码 33
第125期：25 04 47 14 49 01 特码 03
第124期：20 16 27 30 42 34 特码 24
第123期：28 24 17 39 43 23 特码 19
第122期：04 40 34 13 33 38 特码 47
第121期：08 20 06 13 34 47 特码 10
第120期：35 44 46 01 28 40 特码 14
第119期：08 34 28 18 25 01 特码 19
第118期：25 46 17 32 30 36 特码 34
第117期：16 03 39 30 09 41 特码 37
第116期：25 27 33 29 30 35 特码 09
第115期：22 03 33 04 48 08 特码 34
第114期：14 45 06 49 22 30 特码 47
第113期：32 23 49 46 02 17 特码 36
第112期：02 48 13 28 04 41 特码 29
第111期：03 32 24 14 25 29 特码 19
第110期：15 29 17 08 02 31 特码 12
第109期：41 08 09 32 47 29 特码 36
第108期：44 05 31 20 15 10 特码 49
第107期：36 10 05 11 19 18 特码 38
第106期：43 21 23 28 01 06 特码 47
第105期：45 36 23 33 34 24 特码 47
第104期：07 04 10 48 05 39 特码 19
第103期：04 12 21 44 15 28 特码 40
第102期：48 22 47 03 21 31 特码 44
第101期：03 41 46 15 42 32 特码 17
第100期：40 21 09 37 13 31 特码 49
第099期：20 05 42 29 31 25 特码 28
第098期：10 33 47 45 02 14 特码 49
第097期：14 12 39 32 49 38 特码 11
第096期：49 07 33 05 22 02 特码 27
第095期：31 49 28 42 13 29 特码 06
第094期：14 42 09 24 13 03 特码 05
第093期：10 48 12 36 04 31 特码 17
第092期：29 06 04 28 05 10 特码 18
第091期：38 08 09 18 34 48 特码 47
第090期：39 49 21 06 16 09 特码 46
第089期：17 44 10 13 27 07 特码 05
第088期：12 42 39 16 05 40 特码 41
第087期：37 27 15 31 46 10 特码 32
第086期：35 07 41 17 40 31 特码 47
第085期：48 22 19 43 47 15 特码 31
第084期：24 40 15 42 33 37 特码 03
第083期：32 20 41 07 19 36 特码 44
第082期：43 36 48 31 47 26 特码 03
第081期：06 45 09 36 28 24 特码 40
第080期：48 02 06 47 41 17 特码 32
第079期：22 41 06 17 34 09 特码 11
第078期：19 38 12 21 09 16 特码 02
第077期：02 45 48 38 03 28 特码 06
第076期：09 23 17 35 27 40 特码 31
第075期：03 44 39 20 43 19 特码 08
第074期：37 26 45 17 47 21 特码 29
第073期：03 44 14 36 34 39 特码 32
第072期：06 12 08 26 18 34 特码 21
第071期：33 24 30 28 16 47 特码 43
第070期：20 09 14 08 27 17 特码 28
第069期：13 38 40 32 05 06 特码 20
第068期：04 31 21 29 38 32 特码 26
第067期：46 19 21 25 48 14 特码 38
第066期：07 20 38 41 14 27 特码 40
第065期：25 13 32 29 43 21 特码 06
第064期：39 49 14 37 29 30 特码 35
第063期：48 07 30 32 18 08 特码 25
第062期：29 10 28 13 26 09 特码 03
