第198期：18 44 28 43 20 35 特码 07
第197期：22 36 39 42 37 14 特码 49
第196期：38 45 15 25 43 37 特码 27
第195期：11 47 44 41 39 01 特码 14
第194期：47 04 33 46 08 12 特码 05
第193期：23 38 21 31 06 44 特码 35
第192期：14 33 07 17 48 15 特码 08
第191期：47 24 33 18 38 03 特码 21
第190期：32 39 14 21 38 34 特码 26
第189期：03 17 15 36 44 05 特码 08
第188期：36 38 23 27 26 17 特码 13
第187期：12 10 33 36 02 40 特码 25
第186期：43 04 28 20 39 19 特码 27
第185期：31 37 01 16 38 46 特码 32
第184期：44 01 15 02 37 16 特码 29
第183期：03 09 43 24 32 39 特码 47
第182期：30 41 08 32 37 27 特码 33
第181期：31 45 13 28 47 40 特码 32
第180期：08 12 03 37 32 24 特码 05
第179期：43 29 03 36 11 41 特码 26
第178期：07 34 48 10 03 16 特码 31
第177期：20 35 45 49 10 27 特码 40
第176期：24 37 04 49 17 43 特码 48
第175期：26 34 40 43 36 01 特码 16
第174期：44 25 16 33 35 22 特码 07
第173期：28 46 49 44 29 48 特码 45
第172期：22 09 12 38 19 07 特码 47
第171期：06 38 26 49 31 44 特码 08
第170期：23 16 46 02 33 10 特码 05
第169期：27 13 46 43 36 12 特码 14
第168期：21 40 11 36 29 37 特码 23
第167期：33 32 20 14 03 23 特码 01
第166期：29 15 13 38 44 39 特码 31
第165期：06 08 15 22 45 10 特码 35
第164期：13 15 22 30 09 03 特码 44
第163期：39 05 08 32 30 37 特码 29
第162期：10 43 08 35 28 37 特码 45
第161期：15 07 23 30 33 14 特码 18
第160期：10 39 01 25 20 33 特码 38
第159期：09 11 48 47 04 01 特码 45
第158期：13 02 43 11 41 46 特码 31
第157期：31 44 35 24 32 21 特码 17
第156期：23 48 22 47 49 44 特码 24
第155期：33 31 29 32 30 27 特码 25
第154期：06 43 20 18 10 32 特码 19
第153期：17 28 29 19 37 39 特码 16
第152期：24 14 31 45 49 10 特码 03
第151期：46 42 21 36 26 49 特码 38
第150期：06 23 24 19 21 30 特码 48
第149期：14 47 44 20 36 27 特码 42
第148期：11 43 05 09 41 27 特码 07
第147期：46 44 06 41 05 24 特码 32
第146期：45 32 01 40 37 28 特码 12
第145期：39 41 03 42 16 21 特码 02
第144期：38 30 04 12 48 05 特码 14
第143期：25 33 40 19 10 49 特码 09
第142期：39 14 36 06 04 02 特码 17
第141期：23 39 26 09 19 10 特码 11
第140期：27 22 07 03 28 38 特码 29
第139期：29 17 10 02 27 38 特码 23
第138期：49 23 02 03 44 18 特码 10
第137期：10 29 11 03 49 36 特码 31
第136期：43 40 07 16 28 03 特码 46
第135期：07 36 29 45 28 19 特码 05
第134期：20 17 29 12 44 03 特码 24
第133期：18 31 12 39 22 23 特码 25
第132期：40 27 31 06 30 43 特码 08
第131期：19 32 11 40 03 25 特码 14
第130期：09 17 01 38 44 40 特码 04
第129期：13 38 08 17 29 18 特码 32
第128期：41 24 10 05 26 12 特码 15
第127期：04 39 33 12 34 27 特码 10
第126期：47 40 14 05 41 06 特码 15
第125期：29 47 41 23 19 33 特码 18
第124期：22 28 46 10 15 13 特码 04
第123期：25 12 19 27 34 16 特码 30
第122期：42 07 27 13 04 03 特码 35
第121期：05 01 22 03 34 29 特码 43
第120期：17 40 02 11 01 06 特码 37
第119期：34 42 27 49 21 48 特码 22
第118期：23 15 14 45 37 29 特码 18
第117期：40 09 12 05 08 24 特码 03
第116期：33 40 08 10 23 05 特码 16
第115期：07 39 27 02 22 30 特码 17
第114期：49 03 40 29 10 28 特码 15
第113期：47 16 31 04 29 20 特码 13
第112期：44 09 02 06 37 26 特码 31
第111期：29 25 21 49 20 46 特码 03
第110期：26 15 10 05 36 43 特码 40
第109期：36 08 10 32 25 21 特码 19
第108期：07 28 46 16 27 33 特码 39
第107期：37 45 05 24 06 07 特码 28
第106期：17 06 23 48 43 46 特码 33
第105期：04 45 47 01 09 42 特码 21
第104期：20 21 35 22 01 48 特码 23
第103期：20 07 39 09 26 30 特码 47
第102期：33 39 07 29 06 38 特码 17
第101期：40 32 39 34 01 47 特码 49
第100期：41 08 22 11 19 10 特码 15
第099期：39 10 35 24 09 12 特码 21
第098期：47 06 03 08 25 07 特码 16
第097期：49 14 39 35 44 27 特码 47
第096期：26 28 39 45 27 16 特码 24
第095期：48 29 02 45 38 19 特码 17
第094期：17 41 09 44 25 35 特码 43
第093期：49 17 03 20 11 24 特码 39
第092期：49 47 18 20 19 10 特码 21
第091期：20 23 06 45 12 09 特码 48
第090期：28 33 19 13 45 37 特码 08
第089期：09 19 36 27 12 31 特码 10
第088期：44 30 43 08 37 07 特码 26
第087期：28 25 10 35 07 16 特码 27
第086期：36 15 24 11 16 09 特码 18
第085期：47 40 06 37 45 15 特码 29
第084期：02 41 48 27 38 37 特码 28
第083期：21 14 01 42 49 36 特码 17
第082期：32 15 44 12 33 40 特码 22
第081期：02 23 45 28 44 11 特码 26
第080期：10 41 08 25 43 07 特码 28
第079期：39 18 47 20 38 03 特码 08
第078期：38 30 48 17 03 22 特码 15
第077期：30 04 06 39 32 18 特码 05
第076期：13 32 21 10 01 30 特码 09
第075期：20 34 14 23 44 29 特码 30
第074期：18 22 09 20 29 02 特码 13
第073期：46 03 48 09 28 38 特码 47
第072期：47 13 05 09 23 25 特码 02
第071期：43 18 03 21 31 36 特码 35
第070期：12 20 09 26 08 33 特码 46
第069期：01 36 38 09 26 46 特码 37
第068期：32 08 06 04 17 41 特码 09
第067期：48 44 26 29 27 37 特码 28
第066期：39 48 32 24 15 11 特码 42
第065期：39 12 47 01 03 08 特码 17
第064期：34 42 15 43 09 08 特码 23
第063期：49 17 24 22 27 46 特码 31
第062期：01 12 27 40 48 17 特码 15
