2026.08: 1,4,6,8,11,13,15,18,20,22,25,27,29
2026.07: 2,5,7,9,11,14,16,21,23,25,28,30 金多宝21
2026.06: 2,4,6,9,11,14,18,20,23,25,28,30 金多宝18
2026.05: 2,5,7,10,12,14,16,19,21,23,26,28,30 金多宝2
2026.04: 4,7,9,11,14,16,18,21,23,25 金多宝4
2026.03: 3,5,7,10,12,17,19,21,24,26,28,31 金多宝17
2026.02: 3,5,7,10,12,15,21,24,26,28 金多宝21
2026.01: 3,6,8,10,13,15,17,20,22,24,27,29,31 金多宝3
2025.12: 2,6,11,13,16,18,21,25,28
2025.11: 4,6,8,11,13,16,18,20,25 金多宝4,25
2025.10: 6,9,11,14,16,18,21,23,25,28 金多宝6
2025.09: 2,6,9,11,13,16,18,20,25,27,30 金多宝6
2025.08: 2,7,9,12,14,16,19,21,23,26,28,30
