第089期：26 44 34 05 21 22 特码 49
第088期：16 46 18 10 12 42 特码 27
第087期：17 01 21 29 47 02 特码 26
第086期：15 36 14 24 26 34 特码 12
第085期：14 13 27 33 06 20 特码 19
第084期：07 24 02 05 20 31 特码 16
第083期：46 08 23 36 30 01 特码 05
第082期：03 21 33 37 41 25 特码 27
第081期：04 36 14 15 35 41 特码 17
第080期：21 18 17 48 09 42 特码 03
第079期：49 34 06 20 04 43 特码 35
第078期：18 17 10 33 02 08 特码 46
第077期：37 32 46 25 39 30 特码 29
第076期：12 07 24 22 03 41 特码 02
第075期：19 22 26 20 41 27 特码 33
第074期：12 31 49 25 24 32 特码 10
第073期：07 29 01 33 36 14 特码 34
第072期：12 28 01 42 25 44 特码 46
第071期：44 30 25 05 41 08 特码 48
第070期：47 17 23 10 41 07 特码 25
第069期：23 16 10 34 08 36 特码 24
第068期：49 02 01 26 38 21 特码 23
第067期：15 30 06 01 26 09 特码 05
第066期：24 20 36 44 02 28 特码 37
第065期：02 45 17 38 33 24 特码 05
第064期：08 23 40 44 34 02 特码 18
第063期：36 26 37 02 44 31 特码 28
第062期：46 29 06 49 35 42 特码 24
第061期：46 17 08 25 02 37 特码 29
第060期：05 27 40 34 39 01 特码 09
第059期：29 19 24 43 28 12 特码 10
第058期：20 38 13 21 33 40 特码 31
第057期：21 29 40 30 26 34 特码 23
第056期：45 09 06 07 10 26 特码 48
第055期：31 28 20 21 39 09 特码 14
第054期：37 30 11 19 49 32 特码 48
第053期：16 12 33 17 41 18 特码 15
第052期：15 46 14 13 40 35 特码 38
第051期：40 42 44 06 14 38 特码 01
第050期：10 13 30 37 33 44 特码 23
第049期：28 42 22 49 12 31 特码 13
第048期：08 38 29 32 46 16 特码 24
第047期：40 35 23 42 46 47 特码 39
第046期：13 09 20 22 39 36 特码 03
第045期：20 38 22 13 42 27 特码 01
第044期：46 17 39 47 48 38 特码 19
第043期：09 35 42 40 33 03 特码 13
第042期：38 22 17 19 01 18 特码 16
第041期：02 08 17 44 32 27 特码 36
第040期：46 06 29 27 11 49 特码 28
第039期：31 20 08 29 10 04 特码 11
第038期：06 40 49 34 12 20 特码 42
第037期：34 42 39 13 44 45 特码 43
第036期：44 39 11 20 27 48 特码 01
第035期：32 47 44 36 19 41 特码 27
第034期：38 45 35 24 30 23 特码 19
第033期：14 22 46 33 08 11 特码 41
第032期：23 17 11 20 10 39 特码 06
第031期：38 25 07 19 11 05 特码 26
第030期：03 06 47 01 35 04 特码 41
第029期：47 08 05 04 03 18 特码 01
第028期：17 47 28 39 32 49 特码 03
第027期：11 16 46 10 18 49 特码 45
第026期：44 34 24 13 37 42 特码 19
第025期：46 10 41 06 09 14 特码 37
第024期：10 45 25 15 23 44 特码 28
第023期：06 29 36 38 18 31 特码 47
第022期：39 08 20 37 46 30 特码 18
第021期：47 45 33 07 24 10 特码 42
第020期：09 37 14 47 11 24 特码 12
第019期：42 22 45 19 07 25 特码 46
第018期：40 42 43 31 25 15 特码 39
第017期：44 18 31 41 33 02 特码 32
第016期：34 12 48 26 40 38 特码 06
第015期：10 08 30 20 15 33 特码 31
第014期：38 13 12 08 43 31 特码 26
第013期：09 19 44 27 37 06 特码 01
第012期：25 26 33 20 41 45 特码 11
第011期：32 10 07 05 48 15 特码 11
第010期：23 38 24 49 11 30 特码 27
第009期：17 18 06 49 07 22 特码 28
第008期：05 39 36 19 29 45 特码 21
第007期：28 40 45 34 44 15 特码 41
第006期：35 41 15 06 46 21 特码 13
第005期：46 19 20 36 13 17 特码 43
第004期：22 19 07 35 49 36 特码 45
第003期：30 44 07 15 42 17 特码 09
第002期：48 07 04 03 15 11 特码 22
第001期：27 08 43 33 42 11 特码 29
